# unix_time, cycles_done, cur_path, paths_total, pending_total, pending_favs, map_size, unique_crashes, unique_hangs, max_depth, execs_per_sec, valid_inputs, invalid_inputs, valid_cov, all_covered_probes, valid_covered_probes
1674817538, 0, 0, 0, 0, 0, 0.00%, 1, 0, 0, 0.98, 0, 1, 0.00%, 0, 0
1674817538, 0, 0, 0, 0, 0, 0.00%, 4, 0, 0, 75.41, 6, 18, 0.00%, 0, 0
1674817539, 0, 0, 0, 0, 0, 0.00%, 4, 0, 0, 263.33, 22, 81, 0.00%, 0, 0
1674817539, 0, 0, 0, 0, 0, 0.00%, 4, 0, 0, 495.11, 52, 203, 0.00%, 0, 0
1674817539, 0, 0, 0, 0, 0, 0.00%, 4, 0, 0, 467.95, 84, 317, 0.00%, 0, 0
1674817540, 0, 0, 0, 0, 0, 0.00%, 4, 0, 0, 517.24, 125, 486, 0.00%, 0, 0
1674817540, 0, 0, 0, 0, 0, 0.00%, 4, 0, 0, 810.00, 187, 667, 0.00%, 0, 0
1674817540, 0, 0, 0, 0, 0, 0.00%, 4, 0, 0, 493.33, 232, 770, 0.00%, 0, 0
1674817541, 0, 0, 0, 0, 0, 0.00%, 4, 0, 0, 652.44, 294, 922, 0.00%, 0, 0
1674817541, 0, 0, 0, 0, 0, 0.00%, 4, 0, 0, 580.44, 335, 1065, 0.00%, 0, 0
1674817541, 0, 0, 0, 0, 0, 0.00%, 4, 0, 0, 666.67, 380, 1220, 0.00%, 0, 0
